25	50	70	1.98
25	50	80	1.92
25	50	90	2.11
25	50	100	2.46
25	50	110	2.75
25	50	120	2.97
25	100	25	19.52
25	100	30	19.24
25	100	40	16.71
25	100	50	14.83
25	100	60	13.71
25	100	70	13.77
25	100	80	14.41
25	100	90	15.98
25	100	100	18.18
25	100	110	20.07
25	100	120	22.62
25	200	25	131.88
25	200	30	126.39
25	200	40	115.39
25	200	50	108.62
25	200	60	106.45
25	200	70	109.55
25	200	80	116.93
25	200	90	128.30
25	200	100	141.92
25	200	110	156.11
25	200	120	169.21
25	300	25	413.32
25	50	25	3.23
25	50	30	3.13
25	50	40	2.52
25	50	50	2.17
25	50	60	1.92
25	300	30	396.16
25	300	40	370.28
25	300	50	354.01
25	300	60	348.84
25	300	70	357.08
25	300	80	376.70
25	300	90	406.39
25	300	100	439.21
25	300	110	469.66
25	300	120	492.35
50	50	25	7.54
50	50	30	6.74
50	50	40	5.59
50	50	50	4.83
50	50	60	4.35
50	50	70	3.99
50	50	80	4.09
50	50	90	4.51
50	50	100	4.92
50	50	110	5.75
50	50	120	6.23
50	100	25	44.99
50	100	30	42.12
50	100	40	36.65
50	100	50	32.95
50	100	60	30.65
50	100	70	30.13
50	100	80	31.76
50	100	90	35.28
50	100	100	39.56
50	100	110	45.09
50	100	120	50.33
50	200	25	279.33
50	200	30	267.79
50	200	40	246.93
50	200	50	235.23
50	200	60	232.45
50	200	70	239.61
50	200	80	257.15
50	200	90	283.77
50	200	100	313.59
50	200	110	346.31
50	200	120	375.61
50	300	25	868.86
50	300	30	837.10
50	300	40	790.63
50	300	50	763.09
50	300	60	761.01
50	300	70	780.18
50	300	80	825.62
50	300	90	890.75
50	300	100	968.59
50	300	110	1033.15
50	300	120	1081.72
100	25	25	2.52
100	25	30	2.11
100	25	40	1.82
100	25	50	1.47
100	25	60	1.34
100	25	70	1.31
100	25	80	1.34
100	25	90	1.34
100	25	100	1.53
100	25	110	1.73
100	25	120	1.89
100	50	25	15.95
100	50	30	13.93
100	50	40	11.50
100	50	50	9.62
100	50	60	8.60
100	50	70	8.21
100	50	80	8.47
100	50	90	9.24
100	50	100	10.29
100	50	110	11.57
100	50	120	13.04
100	100	25	98.68
100	100	30	91.46
100	100	40	79.32
100	100	50	70.02
100	100	60	65.25
100	100	70	64.71
100	100	80	68.83
100	100	90	76.85
100	100	100	87.82
100	100	110	101.04
100	100	120	115.07
100	200	25	623.57
100	200	30	590.84
100	200	40	549.97
100	200	50	525.87
100	200	60	525.75
100	200	70	549.59
100	200	80	599.60
100	200	90	668.59
100	200	100	747.23
100	200	110	825.56
100	200	120	897.71
200	25	25	5.11
200	25	30	4.54
200	25	40	3.71
200	25	50	3.13
200	25	60	2.84
200	25	70	2.78
200	25	80	2.84
200	25	90	3.00
200	25	100	3.29
200	25	110	3.71
200	25	120	4.09
200	50	25	33.55
200	50	30	30.10
200	50	40	24.73
200	50	50	20.84
200	50	60	18.57
200	50	70	17.86
200	50	80	18.41
200	50	90	20.04
200	50	100	22.69
200	50	110	25.79
200	50	120	29.27
200	100	25	210.18
200	100	30	197.11
200	100	40	170.42
200	100	50	150.48
200	100	60	139.49
200	100	70	138.95
200	100	80	148.92
200	100	90	168.15
200	100	100	196.24
200	100	110	231.36
200	100	120	271.53
200	200	25	1447.31
200	200	30	1386.28
200	200	40	1301.91
200	200	50	1258.13
200	200	60	1274.43
200	200	70	1369.02
200	200	80	1546.05
200	200	90	1787.00
200	200	100	2065.65
200	200	110	2308.86
200	200	120	2521.02
300	25	25	8.34
300	25	30	7.32
300	25	40	6.14
300	25	50	5.30
300	25	60	4.79
300	25	70	4.60
300	25	80	4.79
300	25	90	5.24
300	25	100	5.82
300	25	110	6.49
300	25	120	7.19
300	50	25	52.89
300	50	30	47.39
300	50	40	39.18
300	50	50	33.11
300	50	60	29.43
300	50	70	28.31
300	50	80	29.46
300	50	90	32.69
300	50	100	37.20
300	50	110	42.50
300	50	120	48.64
300	100	25	339.03
300	100	30	317.17
300	100	40	275.72
300	100	50	244.95
300	100	60	227.82
300	100	70	227.66
300	100	80	245.30
300	100	90	280.55
300	100	100	329.57
300	100	110	392.49
300	100	120	466.50
300	200	25	2399.00
300	200	30	2309.00
300	200	40	2188.00
300	200	50	2153.00
300	200	60	2251.00
300	200	70	2574.00
300	200	80	3270.00
300	200	90	5148.00
300	200	100	7026.00
300	200	110	7475.00
300	200	120	7590.00
500	13	25	2.88
500	13	30	2.49
500	13	40	2.30
500	13	50	2.14
500	13	60	2.11
500	13	70	2.11
500	13	80	2.30
500	13	90	2.33
500	13	100	2.52
500	13	110	2.75
500	13	120	3.07
500	25	25	16.65
500	25	30	14.67
500	25	40	12.91
500	25	50	11.73
500	25	60	11.15
500	25	70	11.15
500	25	80	11.54
500	25	90	12.34
500	25	100	13.45
500	25	110	14.96
500	25	120	16.71
500	50	25	103.54
500	50	30	92.23
500	50	40	78.96
500	50	50	69.95
500	50	60	64.90
500	50	70	63.88
500	50	80	66.53
500	50	90	72.86
500	50	100	82.19
500	50	110	93.82
500	50	120	108.01
500	100	25	685.30
500	100	30	632.42
500	100	40	569.18
500	100	50	522.58
500	100	60	500.63
500	100	70	507.94
500	100	80	549.17
500	100	90	632.06
500	100	100	749.56
500	100	110	909.63
500	100	120	1068.61
700	13	25	5.27
700	13	30	4.73
700	13	40	4.54
700	13	50	4.63
700	13	60	4.79
700	13	70	5.08
700	13	80	5.18
700	13	90	5.56
700	13	100	6.14
700	13	110	7.03
700	13	120	7.92
700	25	25	29.56
700	25	30	26.43
700	25	40	24.64
700	25	50	24.03
700	25	60	24.35
700	25	70	24.93
700	25	80	25.63
700	25	90	27.42
700	25	100	30.58
700	25	110	35.34
700	25	120	40.20
700	50	25	175.73
700	50	30	157.38
700	50	40	142.21
700	50	50	134.02
700	50	60	130.67
700	50	70	131.66
700	50	80	136.68
700	50	90	149.87
700	50	100	171.89
700	50	110	202.15
700	50	120	233.63
700	100	25	1189.74
700	100	30	1106.64
700	100	40	1021.65
700	100	50	974.99
700	100	60	958.37
700	100	70	988.09
700	100	80	1068.62
700	100	90	1229.35
700	100	100	1475.41
700	100	110	1799.44
700	100	120	2299.87
1000	13	25	12.49
1000	13	30	12.11
1000	13	40	13.42
1000	13	50	14.89
1000	13	60	15.82
1000	13	70	16.33
1000	13	80	16.81
1000	13	90	18.12
1000	13	100	20.23
1000	13	110	23.49
1000	13	120	28.47
1000	25	25	64.58
1000	25	30	61.96
1000	25	40	64.65
1000	25	50	68.35
1000	25	60	70.18
1000	25	70	71.39
1000	25	80	73.91
1000	25	90	80.40
1000	25	100	90.37
1000	25	110	104.98
1000	25	120	125.11
1000	50	25	381.81
1000	50	30	362.22
1000	50	40	357.49
1000	50	50	358.23
1000	50	60	358.55
1000	50	70	363.73
1000	50	80	381.59
1000	50	90	419.74
1000	50	100	476.69
1000	50	110	553.57
1000	50	120	650.69
1000	100	25	2330.00
1000	100	30	2253.00
1000	100	40	2164.00
1000	100	50	2134.00
1000	100	60	2160.00
1000	100	70	2290.00
1000	100	80	2661.00
1000	100	90	3195.00
1000	100	100	3730.00
1000	100	110	4265.00
1000	100	120	4800.00
